impact=0.6282172
scrape=2.8965705